$ANSIBLE_VAULT;1.1;AES256
64363433386139306138396339636636663265383265623330626238313766323131323732363736
3735313831613165363063336638356338653462383339340a613734636364616562303261663930
66616636386434343334363834643665313439623939356231663236666536323030396265646466
3963346265326464380a666235373735616537343531353166356561653564613632646633393930
63616161326238666538346564393733353530626434396437303338313734653638643864343862
32643261393434333065656165336461313732333364386630376263366363393361376264336335
38343066303837323334616564303532663732616139343930623563303431653263333830626634
30353065356434643232393237633131666134383035366136626461626562313133356464663733
62376463643338346363343039666339333430653463653430656566343461306130646162633836
33323462326563336366363935356461346365386231646431346563633935613536636334366461
32353132396237336134613630623962316430353139323636616465613566343637616261343035
35646536613062383661306230323733313536383439663765626532353239643766396434646231
31343439346265616663323338386233323533623131633364323238346234663538646536653932
64633437383961633534373937353137663364386163633062313665393462633639313765326234
31663431323738656562376137333736386666613039353136326565366137316232643839313035
35646431663662653766623736386538343965303765326564333632313134616263373861613636
61396466653530616366626436633031313831353865346330636536313863616362333636663233
36613333323230303461626563333337366363343638666266653962636662393563393533323632
37666464336336623939323238643630343866336337396666356161393963393132376332343737
38343639663263303135396465666534353437303864363362666232643063346230323434653662
33393465616433326366363863396530346438303734353863363632613561343236363962356336
32323963396233386165636530386331336465326365303232356461353530343435316266643633
32346661666334363961333738313930393235616636303766626339353435383962326137623438
30613435383233353665393064353561333362343933383564643431646139353330306165646165
31646239643335376266633833353831373862303233386339343466323065386166653966316565
66646339323636343861393135366130613339326632356565393761353838366264306264306664
61633832323163333166396463323662633034643330363936613133353763643632383333306561
62393338313737366566633831333963356439626366633038306238363636343062636262356532
34653264326662386130336331396135623839663237373463323864396339396431356635376135
30383965653531393130646562613766623430383238383261633430363466356162393236633233
35353137613066633338306334616531633031383738303633633263663937353664313431393162
32363036303537363665306237316333666661393234353231363661303433626266383534363862
63323232653262306633386436353631643734616235396238363732613265303432326363326634
35353232386235633237323334656338623037333438333662383638633338623036366235646338
33346161363565366338316233383363313736616535343263396630343839373166653131363930
33366532386535633637383966393361646230653338623061313531363839613032626432303061
34623262633635643731363634353634616132646632666363643362346139636335643465323866
30303530643338656539636465653064383366353931303866663865373366623438653065363731
36383665353565373364333035613035653735663237643636616461326364393531656136656433
37373733303166353763313830356636396137336462666633393333313436306630393764636465
36363736303562653038326237363139343830636234333135353838366236333538366361656536
64656134353661613430393062663732303532353866316362613261306432313266373034333665
65666161623538663561636161353366383832656131613034663334363265653633316538636162
38366435633830386163346532303865323838623538613038353837656139623364343764346161
61623864303162626632363962386138336566646338633034636230383831316662363534396565
62613339326136626565363632643731613830663365363038353433393465636162353061626265
38663836313132303138633961393533353237643035643437313066363636303161366361396538
32653466303035326539623232643630643062653566396631313361646663623639373137663135
38663632663065653938646333643565623664326361363230316230353764643562316239373138
36396434393139616133333436333032353463326666613036323266396136396635343461366364
39353861616338383534343835623434353265643930633734623766633261633338623664623339
64656331346131363831326263623630663031366364633236336331643361336163363039323531
66653531366230333430303064333763303564616162386262326364633932356634343666636537
31393466623837303536303733636236633032303661376336636362346234363836373934373233
30353266636233646530613462653933613733333263343239393038323566653131383031633336
34356464376366643761376630663164636662623466323363623530313538626337333233303931
63633835316262316163376263336536336563386130663337386431353764663732653831376639
39633238323839366332653163383435313330613066373038333061393436323339373466383834
62666363356339656433313434653566653438353438373464653663366234653539363139666631
38393939653132633635313636356162373934633836663662613138386638383935346161616661
38666131373366656561623665326334346230343032383765636535653736613264356166343138
64326437353833313435323864656665623138666230333836616265353465346430343038326132
31306438313864333364646237356435666161326637653530323532663530623935613932396661
39643634393336613337393762303634303464386538616164666436363534363037363738643433
37376134346231613363383265643438383637663432626531353566316139653938313135333165
65353933316162653335626434393331633663356332316435636639646234316563396235373965
31663165303736316634383564633931626134366566346262306538613233356362626261303732
33313430326465316364303338316464616364363161633566386365666232353462383637336133
37323038326462383333313730313066323963383936383163386666656236313334656139613039
33363533306330326139333962623531386364626366623961383530356361616532326634353639
36383263626534326233323430303533383333333863303230303235663038623933383437353330
37323332316331323231633139626433376432393838333730363735636133666662626461376139
66303562386535336261303962366661313134656131643061643165626338333738633963346635
35326162656335613137663430633832366239343066373130326535333161306365646463323663
39616336383233323064646132396162666564393961383039353430393636333465613531636333
33363462396361363832383833313636656237343663653765396566386435646638633161616631
66646535663133326337613366306531313134373465366266373533336636303832623539336636
66376663636161353762346139653862336134326262613531633465376138336137616333343032
32363737313064363466333935303836353835383362326163336565383365613836316565333765
31356132613130616363663130626661653730633332616537323338373133336231366365323731
38363239646536663839313366616332656463646262366463323037373138373337626464376538
39316361313637663365383437326334373531326261653430376536326164333265323437313065
64343436343466373830383761646335316661353134323564303064353539373161343564373663
38393566353233356134643466363131376237333966343165303531396137386238376435663962
30646634363261623431363964313361346161353439666432653962656436373536613235636131
36633430656131623434303665353837356132313837653232373433636130656566323936623439
64396161376537313865353661306133623831376335373963616231623130356339653936333530
63396133323436396139353131323265313664623833623161646333303561646562643430376363
38613166363531313332353739636436393639333661373532333536623436663530376433393165
34653634663463363039323463386564323934323564303764386565303234353066663565366137
38326262396531663764613961326334343537343465626664393930376239366462303465356430
61653232316366383339353765376165333835386666303566613334616461396434336163323165
30316162383264316439373863366635366638326364383735663165343533643031376336336139
31383236353737303939363738646564333939336266643061633738333862303730363038333433
36313237616632303262633231653237656130346562366566656634663638346165333333313132
37393537326531643466356437303464353261666436663135353436376636383134346332663263
64636339303833666639373664616365376432653430393430343866663534326361646331306266
34633262316236356564323736613631356434393333663364653364363430356161386231373031
36656566633032333734336665336361363164373336646630663361356330373461656432333836
65336236626662633934393761356337313132306161643965396161323831373232613266633332
38663739393630653162336232303966383330643630636233346237646630396262396164653230
65663438653234376631353237346464386561313666613232373464373031663535383135366435
31366638646262633938373834313364363937643363633236663435313736636662383238623830
63613832303135663531303835376338636436653738386338346537383735663532306639306638
36646235633539356431656462366636626331323432366235646133343763393866666238393236
62626563306331633438633762623362653830663336343535643961373731626662333266643036
37343938633663326437303665376234663134353037326639666462626361616364646630363165
64613565323937643838653263336664313232633534666633393065326438626132386233303938
38316665643064626261336363626331396562323035323932636138646138633533613538383061
61383264303230373463616538373532633837613938356334363931376661306438316362383563
65373234393361656339616665653364666339313163383562353862343135356361373563623036
65346134363139643735393233393863656439323537646131643736303562623330316564623535
33383331373033373731373265626335326462363166333739626635376231613739353934326330
6565636537316533363164646664346634303235626461643762
