$ANSIBLE_VAULT;1.1;AES256
34656362663738643636666664333438643530316662353035383033666562643361633835653961
6465376538323335373166306466656536393138353337350a316531326161353834356466623964
34376235343733336230306263353262333634376239663137313234396263643665656566663733
6631653332353731330a333334386531653362363034343161636138373132376331653339656534
33343365623430396638306333613362373531373562333661633366616233333763636261386538
39386231633062353039323263653037666136303432333730376262306461363762353161373935
62646436623630636233383435383239623833323435373933346534656437646534366536623665
36666465373738643166386238393934663263633630656636653166323534316566366263376665
30333964356362386333653832646439373863303338636338396330343966666335613235663263
63383234363565633965623438313330396661383434613638353037643664393637643364653636
65316231383465393933323738613963326466653861653734333461633066623035343465633037
35363131333865666163
