$ANSIBLE_VAULT;1.1;AES256
38363536393764656564353532343334633462386235663537303237316138356339393132326532
3534643630623033626334356564626236386662303464610a643539353232393036653035663436
32356337386338363965613437623934343632303633336239383734303863376562353365303236
3865643366653534370a313833343337396461666466346132613637356165633938366534326464
62646335636231626165616365333433356130643136386162666132303461383962313133633737
33613066386333306661333735386265323132333536316162323230653632393835303064626163
38633435353966623736356362343536373435656637376263393164306337666565386665613538
37323533623464623033353235313361353932376630303862396235613331336136623666376465
31653562316366303232306232306665366439663362366263393630316431626334326663616334
32356635373262646139623535666633343464646538326130633338646133646236393739396639
393134616334663061313938616536646431
