$ANSIBLE_VAULT;1.1;AES256
34656263666332363631386539346530653464343832356436396264373837646161633665383166
6636353966663735633438623230353466636231353736390a626538323336623430616232613136
36383038333039373665666363376361383034303238313433383631356333623732386336363434
6364363532656638380a383936333737393338386362646432306166306161326138636463396138
36663834346664336366663335373934336335646230656433306230383961373138643931363637
32623865383037623561363034366534666166646538386439303466376634636465316331613963
32653732366235303034363835366138613939336163343638616130623735623063643661393561
38623139633434643236353431306262303031653161633737626433313165323465323033623363
66313234353036613736643330623733383137616462383138626131363031343462643032616237
33646130316662383232363433613331373335663263653935363337656137663635396632323135
396136333065376662616330323337356166
