$ANSIBLE_VAULT;1.1;AES256
31653138616335666363643365326661376566636432323834373264313837353339613264666430
6638313933326131663861356261303565633861313335620a613765656636666537396639623239
35616666306234333862623437333739623430623736663164336430643030623331386163623439
6262373938323932330a303865636565613061343433643137653934393030336139326264386664
64646364336432663061376561363163356331363237653937646562633631383334376637306164
64356263396361303031613738303530366531386632633430383132656332613931646133366135
33303162326466623036373165646137346133643531613238343034393763353231326133353730
31643033613433646661366133363362643731383335656163386661616130333862353262653436
65656366656365393832303233376531303066363833656261333763313361333436383333623737
32323437353832633563316533366238323537656565393438653963633761313263376361333564
623439373338646138333735313137356430
