$ANSIBLE_VAULT;1.1;AES256
32343566623333623331306537613235626264613631363764363665643235653936343832366538
3434396636643663396565373737363339646264663338380a313734353031313665613438363239
32626566613764653333316535323833366538613561613339613064393434623139653430646165
3832396666643762630a366537616330336563636330626338353565343862363930383834633033
36336635646362643161656236336433383966633435623534376363346637313462396663643566
34646162323766373631306137633063316564643433383331643831373466376166306536303237
33613965303034656262323733623937376232373532376530316661666138356539376264346561
36336666666333363132363036363531346230323365626262613263353364376634396563623666
33393634653635663530396139366565343939323335373736313534323438393139333738376264
37393537633234343833646538343566656239393163353836346364343962326334356466373934
30396565346366303334396236346235626165396235356564356161386532356565343930373036
64356332313031363339376533306338633631633638316630386662636430303263636466343831
35663965656137316665613465663534326131303566333134346334363636346139333636326566
32363632393537336264323233303463313336383238653036353062383333363266356366666165
34346137343330666630366133353464663962396138333230386337646533646139646561353265
30633164393164313861363931626137646131363361343262376431333165343535303234393665
33633138656465666230303037653737303365633335333161663063343134626235306665623766
36336666356635653232356533313531633265343637646465653163643365613865343066643636
316563343237303361656265626134313730
