$ANSIBLE_VAULT;1.1;AES256
37333863643464393230653638653537616166333638653136343265643861356535663930303262
3466653161316130326463656361363339663837663634390a316436343537636365303438666264
65303035646635626230396534383739303862623365656339613232343732376131363566663133
3563626639633539620a346362383434383764333737623935643965323930393865323937316235
61336534303561323739636666373566366233666534386162343336333031356163666332336635
66613732343234333439616562303830363031623062663263356664383733333237626666326564
65386662313661363461623162396564396634613938386165663164636639343539306333373633
38653333396135353836353566333534653066646436663933633162646338343261306330353531
36316237383566366330626538663363383263313564303638656164316133333566323963353364
34303161383132393134613434643866303637333836356239356530346161373034623839663332
33333435373166656131653938336632323039386339656464326665373039656339636366316465
34643266356661623833
