$ANSIBLE_VAULT;1.1;AES256
38663130376438633962623563303962363062343932396666326464646632363662386237366638
6435363262623932396161303330343737356235323535610a363339363561386461613432386163
61386565646163346639323336643764376335666561373861346230636666633666653165613462
6231613463613538320a393263623635376462643537663864386561306134343163393937303864
64373338656666343462623031353133313732393235623733313433333030333133303936386235
61666635376664663062333939663132373436386336306234323635343031353634613633393931
65346366373066373465373964313661663730343931386336363736323139626337336563666665
63323562393265333866333431306463336233326635656337376264633136313561303766666562
66313036346364363033313464336337653566343162353834623462306134323161666361373862
65623634636233313463643366363731316335356533353439663762633638353962633336376239
36373663383839366434656533613938653036663362363734343833653663613765356264636465
35636235306565323238613231653164313539386362613830653936343639353932363130636265
66343134383066613931363630663635333564336235303661313532633438386266633865343864
31396565613539373066306436366363303939393733623833623034346537636430646464373939
363634326538333661373836396432363463
